30
56
15
21
71
6
15
43
71
0
87
75
81
69
28
43
92
97
70
53
70
49
75
89
21
16
39
8
41
28
20
22
41
73
56
64
45
11
25
13
63
24
95
30
56
22
41
58
75
17
4
6
9
57
2
11
71
52
42
30
77
27
31
65
26
98
43
92
63
92
66
89
61
91
67
32
82
16
77
61
71
78
54
7
29
89
78
42
35
73
22
18
93
43
13
21
50
7
37
19
8
53
47
86
43
69
76
17
57
59
25
20
44
0
9
71
41
43
57
56
85
45
19
92
33
84
3
97
70
46
87
16
1
66
97
91
60
97
52
23
63
11
52
85
24
95
85
39
51
58
41
77
37
90
45
64
58
20
24
80
36
8
40
10
75
59
54
64
51
83
9
40
27
22
95
53
18
95
18
40
97
75
22
80
16
40
84
95
98
83
13
7
21
13
94
24
13
63
7
87
6
78
68
60
6
23
40
31
55
63
15
98
17
89
97
56
53
95
9
89
87
27
10
77
12
34
0
76
79
71
89
57
59
24
65
61
11
36
82
31
23
24
34
75
46
53
80
58
4
39
91
16
65
31
50
97
8
75
6
88
34
28
58
55
19
91
13
1
6
62
99
51
96
0
75
91
67
80
40
62
8
84
28
85
95
15
6
51
42
53
67
11
87
27
96
12
16
67
36
48
96
40
28
24
11
7
76
3
40
28
19
18
41
51
34
89
67
43
10
8
17
85
11
67
13
57
51
91
94
7
71
36
61
92
1
60
67
91
97
73
40
70
68
62
99
66
21
24
10
10
68
43
1
13
48
40
63
7
35
66
64
39
90
94
63
61
88
92
19
66
89
33
28
15
87
86
7
0
94
35
77
6
41
15
69
26
29
95
85
36
40
57
6
30
50
27
3
90
52
73
51
93
44
87
6
57
72
9
75
48
40
34
71
43
46
66
65
89
53
97
97
89
80
96
71
42
77
28
64
19
87
98
40
75
41
19
19
67
64
10
16
5
89
85
6
85
38
15
50
58
10
94
86
83
36
86
34
27
7
5
58
87
76
87
92
78
33
17
6
0
79
97
77
75
72
92
41
97
34
87
85
75
4
41
0
67
79
87
73
21
43
94
49
3
74
18
57
18
89
71
97
36
90
11
21
41
63
58
47
93
68
11
36
99
54
53
67
36
83
70
64
46
14
19
62
11
95
88
17
77
85
63
8
94
98
14
76
19
22
53
43
92
2
27
73
93
13
54
60
7
96
11
30
72
48
42
62
6
72
47
64
43
20
92
4
49
36
26
45
80
36
68
48
98
64
17
26
34
58
96
55
87
82
22
0
41
54
37
10
98
43
13
91
56
9
85
34
73
1
78
75
55
57
97
43
84
66
6
64
77
83
82
81
9
0
48
64
83
10
58
17
39
76
0
17
64
48
1
1
82
75
96
97
80
92
60
61
32
53
84
89
72
85
95
8
82
85
94
74
87
19
66
89
97
19
0
6
87
41
36
20
1
94
80
87
82
17
64
10
97
30
73
83
4
64
28
55
91
26
68
14
14
1
0
97
45
14
21
90
64
72
88
86
92
75
10
38
25
67
78
7
43
43
10
38
97
31
85
78
89
55
13
97
1
82
57
21
15
38
57
64
76
60
87
1
67
22
75
62
21
22
6
90
13
94
88
55
3
83
67
30
77
43
85
61
41
88
83
35
82
44
40
48
83
63
71
88
98
67
7
85
25
96
60
34
80
13
90
54
19
76
39
95
24
7
64
92
88
81
0
12
3
6
89
86
60
10
80
82
26
48
66
80
53
87
1
13
94
53
64
1
23
35
58
99
78
86
53
85
97
2
15
51
52
63
50
6
36
6
7
37
4
13
22
25
54
83
61
36
40
11
53
85
19
26
9
96
71
3
39
84
47
98
19
29
75
19
21
53
21
98
6
34
71
97
57
55
40
24
50
64
96
16
18
9
40
46
68
24
70
40
40
31
53
10
88
41
77
54
1
86
43
69
34
92
26
67
2
29
69
36
7
85
66
47
81
99
19
90
55
55
85
15
86
51
99
87
28
99
43
77
39
8
56
52
64
21
77
7
21
43
89
37
41
56
96
34
47
83
33
36
60
86
68
22
23
3
35
92
97
71
54
83
56
23
42
13
66
13
47
47
10
42
51
5
11
71
58
30
34
80
52
41
51
6
64
76
47
53
34
60
63
28
24
36
69
89
90
92
40
77
36
43
64
81
38
66
64
84
21
49
81
15
37
35
8
36
9
53
91